$ 1 5e-12 10.20027730826997 50 5 43 5e-11
w 256 192 256 240 0
w 256 240 256 288 0
O 400 240 448 240 0 0
g 400 352 400 384 0 0
R 320 128 320 80 0 0 40 80 0 0 0.5
w 320 128 320 176 0
R 256 240 192 240 0 1 25000000 30 40 0 0.5
w 320 304 320 352 0
w 320 240 320 272 0
w 320 208 320 240 0
t 256 288 320 288 0 -1 51.53396831248298 0.7176385464336263 100 default
t 256 192 320 192 0 1 -28.466031687517017 0.7176385464336263 100 default
g 320 352 320 384 0 0
c 400 240 400 352 0 2.5e-11 45.49332637982368 0.001
r 336 240 368 240 0 47
w 368 240 400 240 0
w 336 240 320 240 0
o 6 64 0 4099 80 0.025 0 1
o 2 64 0 4098 80 0.1 0 1
